# AI 产业链白名单（build_ai_tickers.py 自动生成 + 可手工加）
000016
000021
000026
000032
000034
000035
000049
000050
000056
000060
000062
000063
000066
000070
000090
000100
000157
000158
000333
000338
000400
000409
000410
000422
000425
000503
000516
000519
000521
000524
000526
000533
000536
000541
000547
000551
000555
000560
000576
000581
000609
000620
000625
000628
000636
000650
000651
000657
000661
000665
000670
000672
000676
000681
000710
000719
000725
000727
000733
000737
000785
000801
000810
000811
000815
000818
000821
000823
000826
000839
000859
000880
000886
000887
000892
000903
000909
000917
000925
000936
000938
000948
000962
000963
000967
000969
000977
000981
000988
000997
001212
001223
001229
001230
001266
001267
001269
001270
001283
001287
001298
001308
001309
001314
001330
001339
001359
001368
001387
001388
001389
001399
002008
002011
002015
002023
002024
002025
002028
002031
002034
002036
002042
002044
002045
002046
002049
002051
002055
002056
002063
002065
002073
002074
002077
002079
002080
002081
002090
002093
002110
002115
002117
002119
002121
002122
002123
002126
002129
002130
002131
002134
002137
002138
002139
002141
002148
002151
002152
002153
002156
002158
002161
002162
002169
002171
002172
002173
002174
002175
002178
002179
002180
002181
002183
002184
002185
002189
002191
002195
002197
002212
002213
002214
002217
002219
002226
002229
002230
002232
002236
002238
002241
002243
002245
002249
002253
002255
002261
002264
002265
002268
002272
002273
002278
002279
002281
002290
002292
002296
002298
002301
002313
002315
002316
002322
002324
002326
002328
002334
002335
002338
002339
002343
002344
002346
002348
002350
002351
002352
002354
002355
002362
002364
002367
002369
002371
002373
002376
002380
002383
002384
002387
002388
002392
002396
002398
002400
002401
002402
002405
002407
002409
002410
002413
002414
002415
002416
002418
002419
002421
002425
002426
002428
002429
002430
002432
002436
002438
002439
002444
002446
002449
002453
002455
002456
002460
002463
002465
002467
002474
002475
002478
002491
002512
002516
002517
002518
002524
002526
002527
002528
002533
002536
002542
002544
002552
002553
002555
002558
002559
002565
002575
002577
002579
002580
002583
002584
002585
002587
002591
002594
002599
002600
002602
002607
002609
002611
002614
002617
002624
002625
002632
002635
002636
002639
002640
002642
002643
002645
002646
002648
002649
002654
002655
002657
002659
002660
002668
002669
002678
002681
002682
002685
002688
002689
002692
002698
002707
002708
002712
002713
002721
002722
002723
002725
002729
002730
002733
002735
002741
002745
002747
002757
002766
002768
002771
002777
002786
002787
002789
002792
002803
002811
002815
002816
002819
002829
002831
002835
002837
002839
002841
002843
002845
002851
002855
002858
002859
002860
002861
002862
002866
002869
002870
002871
002876
002878
002879
002881
002885
002886
002888
002889
002892
002897
002902
002903
002906
002908
002909
002912
002913
002916
002917
002922
002925
002929
002932
002935
002937
002938
002943
002947
002949
002955
002957
002960
002963
002965
002970
002972
002975
002977
002979
002980
002981
002983
002984
002985
002987
002990
002992
002993
003001
003002
003004
003005
003007
003009
003013
003017
003018
003019
003022
003026
003031
003032
003040
003043
300001
300002
300003
300005
300007
300009
300010
300011
300014
300017
300020
300021
300024
300030
300031
300033
300036
300037
300040
300041
300042
300043
300044
300045
300046
300047
300052
300053
300054
300056
300058
300059
300063
300065
300067
300068
300071
300075
300077
300078
300079
300081
300085
300088
300093
300096
300098
300099
300101
300102
300112
300113
300115
300120
300123
300128
300130
300131
300133
300134
300136
300139
300143
300145
300148
300149
300151
300153
300155
300157
300161
300162
300166
300167
300168
300170
300173
300177
300179
300182
300183
300184
300188
300190
300192
300195
300199
300200
300205
300206
300207
300209
300210
300211
300212
300213
300214
300217
300218
300219
300221
300222
300223
300225
300226
300227
300229
300231
300232
300233
300235
300236
300244
300245
300246
300248
300249
300250
300251
300252
300253
300256
300260
300263
300267
300270
300271
300275
300276
300277
300283
300285
300286
300287
300288
300290
300291
300292
300293
300296
300299
300300
300301
300302
300303
300304
300305
300306
300307
300308
300311
300315
300316
300319
300322
300323
300324
300327
300328
300331
300333
300335
300339
300341
300346
300347
300348
300349
300351
300352
300353
300357
300364
300365
300366
300368
300369
300370
300373
300376
300377
300378
300380
300383
300384
300386
300387
300390
300394
300395
300397
300398
300400
300404
300405
300406
300408
300409
300410
300413
300414
300416
300418
300419
300420
300427
300429
300433
300438
300440
300442
300444
300446
300447
300448
300449
300450
300451
300454
300455
300456
300458
300459
300460
300464
300465
300466
300468
300469
300472
300474
300475
300476
300479
300480
300482
300486
300487
300489
300490
300492
300493
300494
300496
300497
300499
300500
300502
300503
300507
300513
300514
300520
300522
300525
300531
300536
300537
300538
300541
300545
300546
300547
300548
300551
300553
300554
300555
300559
300560
300561
300562
300563
300565
300566
300567
300568
300570
300571
300576
300578
300579
300580
300586
300588
300590
300592
300593
300594
300595
300596
300597
300598
300602
300603
300604
300605
300608
300609
300612
300613
300616
300620
300622
300623
300624
300627
300632
300634
300635
300638
300639
300640
300643
300645
300647
300650
300654
300655
300656
300657
300659
300660
300661
300662
300663
300665
300666
300667
300670
300671
300672
300674
300675
300678
300679
300682
300684
300686
300687
300688
300689
300691
300693
300697
300698
300700
300703
300706
300708
300709
300711
300715
300721
300722
300724
300725
300726
300727
300729
300730
300731
300732
300735
300738
300739
300745
300747
300749
300751
300752
300753
300757
300758
300759
300762
300766
300768
300770
300773
300776
300781
300782
300785
300786
300787
300788
300789
300790
300792
300793
300795
300797
300798
300800
300801
300802
300803
300806
300807
300810
300811
300812
300814
300819
300820
300822
300824
300825
300826
300830
300831
300839
300840
300842
300843
300844
300845
300846
300852
300853
300857
300863
300866
300868
300870
300872
300873
300882
300884
300895
300901
300903
300909
300911
300913
300916
300917
300921
300925
300929
300933
300935
300936
300939
300941
300947
300949
300956
300964
300968
300975
300976
300977
300987
300989
300990
300991
300992
300996
301001
301012
301013
301018
301021
301024
301025
301027
301028
301031
301036
301041
301042
301045
301050
301052
301060
301066
301067
301070
301071
301077
301078
301080
301083
301085
301086
301087
301093
301095
301096
301099
301101
301102
301103
301110
301112
301117
301121
301123
301128
301129
301132
301135
301136
301139
301150
301152
301153
301157
301159
301161
301165
301169
301171
301172
301176
301178
301179
301180
301182
301183
301185
301187
301189
301191
301195
301200
301202
301205
301208
301209
301213
301217
301218
301221
301225
301230
301231
301235
301236
301248
301251
301252
301256
301259
301260
301262
301265
301268
301269
301270
301273
301282
301285
301287
301291
301297
301299
301301
301302
301305
301306
301307
301308
301311
301312
301313
301315
301316
301318
301320
301321
301322
301325
301326
301329
301330
301333
301336
301338
301348
301360
301362
301365
301366
301369
301377
301378
301379
301380
301381
301383
301387
301389
301390
301391
301392
301396
301397
301399
301418
301421
301428
301439
301449
301458
301479
301486
301488
301489
301491
301503
301511
301512
301517
301522
301526
301536
301551
301558
301560
301563
301566
301568
301571
301577
301581
301587
301589
301590
301592
301599
301602
301603
301607
301611
301622
301628
301629
301630
301631
301638
301666
301678
301682
301687
600006
600010
600022
600037
600050
600054
600055
600060
600063
600076
600089
600094
600100
600103
600104
600105
600110
600114
600118
600126
600129
600131
600141
600156
600158
600160
600170
600171
600176
600183
600184
600186
600198
600201
600203
600206
600207
600208
600226
600228
600229
600234
600246
600255
600258
600265
600267
600268
600271
600282
600288
600289
600308
600330
600337
600345
600353
600360
600366
600367
600378
600380
600405
600406
600410
600415
600438
600446
600449
600458
600459
600460
600476
600480
600481
600487
600496
600498
600506
600509
600516
600520
600521
600522
600525
600526
600531
600539
600549
600552
600556
600557
600560
600563
600570
600571
600577
600582
600584
600588
600589
600596
600601
600602
600605
600611
600619
600623
600629
600633
600637
600640
600641
600645
600651
600654
600658
600666
600667
600673
600699
600703
600704
600707
600714
600718
600720
600728
600730
600733
600734
600736
600745
600756
600764
600770
600797
600820
600821
600825
600831
600839
600845
600850
600855
600869
600877
600879
600880
600885
600894
600895
600936
600941
600959
600967
600973
600977
600986
600996
600998
601026
601126
601127
601133
601137
601138
601179
601208
601212
601231
601360
601519
601595
601607
601609
601615
601633
601636
601678
601689
601728
601766
601778
601789
601801
601869
601877
601900
601908
601928
601929
601949
603000
603002
603005
603007
603008
603011
603015
603017
603018
603019
603025
603030
603031
603039
603042
603045
603052
603058
603061
603066
603068
603075
603078
603083
603090
603097
603106
603108
603110
603118
603120
603122
603123
603124
603125
603138
603155
603158
603160
603163
603171
603175
603180
603185
603186
603189
603191
603195
603200
603203
603209
603212
603215
603219
603220
603228
603232
603236
603256
603258
603260
603262
603266
603267
603269
603280
603283
603290
603296
603297
603300
603306
603315
603316
603322
603324
603327
603328
603330
603337
603339
603341
603353
603360
603368
603375
603379
603380
603381
603383
603386
603421
603459
603466
603486
603496
603501
603505
603516
603519
603527
603528
603533
603559
603595
603598
603602
603610
603611
603613
603618
603626
603629
603633
603636
603650
603656
603660
603662
603663
603666
603678
603679
603681
603685
603686
603687
603688
603690
603703
603716
603721
603726
603738
603757
603758
603773
603776
603777
603800
603803
603806
603823
603843
603859
603861
603869
603881
603882
603887
603888
603890
603893
603895
603906
603912
603918
603920
603928
603929
603931
603933
603936
603938
603948
603956
603977
603985
603986
603990
603991
605020
605056
605058
605060
605066
605069
605090
605098
605100
605111
605117
605118
605168
605178
605258
605277
605286
605289
605319
605358
605365
605376
605398
605488
605588
605589
688001
688002
688003
688004
688007
688008
688009
688012
688017
688018
688019
688023
688025
688027
688028
688031
688035
688036
688037
688038
688039
688041
688045
688047
688048
688049
688050
688051
688052
688053
688055
688056
688058
688061
688062
688063
688066
688067
688069
688072
688076
688079
688080
688081
688082
688085
688088
688093
688095
688096
688097
688099
688100
688102
688103
688106
688107
688109
688110
688111
688112
688114
688118
688120
688122
688123
688126
688127
688130
688131
688132
688135
688138
688139
688141
688143
688146
688147
688150
688153
688155
688157
688158
688165
688167
688168
688170
688172
688173
688175
688181
688182
688183
688186
688187
688191
688195
688199
688200
688202
688205
688206
688207
688208
688209
688210
688213
688216
688217
688219
688220
688222
688225
688226
688227
688228
688229
688230
688232
688233
688234
688244
688246
688249
688251
688252
688256
688257
688258
688259
688260
688261
688262
688268
688270
688272
688273
688279
688286
688288
688289
688292
688296
688297
688299
688300
688301
688303
688305
688307
688308
688312
688313
688316
688318
688320
688322
688323
688325
688326
688327
688328
688332
688337
688343
688347
688350
688352
688358
688359
688360
688361
688362
688365
688368
688369
688371
688372
688375
688376
688378
688379
688380
688381
688383
688385
688386
688387
688388
688391
688392
688393
688396
688400
688401
688403
688409
688416
688418
688419
688420
688425
688432
688439
688449
688450
688456
688458
688466
688469
688475
688478
688479
688484
688485
688486
688489
688496
688498
688500
688502
688503
688507
688508
688509
688512
688515
688516
688517
688518
688519
688521
688525
688529
688530
688531
688533
688535
688536
688539
688545
688548
688549
688550
688551
688556
688557
688558
688559
688561
688568
688570
688571
688579
688580
688582
688584
688588
688589
688590
688591
688592
688593
688595
688596
688598
688601
688602
688603
688605
688608
688609
688610
688611
688615
688618
688619
688620
688621
688625
688626
688627
688628
688629
688630
688636
688638
688646
688648
688651
688652
688653
688655
688661
688662
688665
688668
688669
688685
688689
688691
688692
688693
688695
688699
688700
688702
688709
688711
688716
688719
688720
688721
688726
688727
688728
688729
688733
688757
688766
688767
688768
688777
688781
688783
688785
688787
688788
688790
688793
688795
688796
688797
688798
688800
688802
688807
688808
688809
688811
688813
688820
688981
689009
920001
920005
920008
920010
920012
920015
920021
920026
920045
920060
920075
920080
920090
920092
920098
920125
920130
920139
920171
920175
920178
920179
920181
920184
920186
920189
920190
920198
920207
920208
920212
920223
920225
920249
920263
920267
920305
920346
920357
920367
920368
920370
920375
920402
920414
920415
920427
920429
920438
920469
920476
920489
920491
920493
920508
920509
920510
920526
920556
920564
920570
920579
920592
920640
920641
920662
920665
920670
920689
920690
920693
920719
920725
920748
920799
920807
920808
920821
920857
920876
920924
920925
920932
920953
920961
920971
920981
